walmart.com
warm cache 0RTT
fcp 0.76 0.82 0.78 0.76 0.84 0.84 0.84 0.8 0.84 0.84 
lcp 0.73 0.27 0.35 0.76 0.14 0.13 0.15 0.77 0.39 0.72 
tti 0.08 0.08 0.07 0.07 0.07 0.07 0.07 0.08 0.1 0.11 
warm cache control
fcp 0.83 0.83 0.83 0.84 0.84 0.84 0.81 0.83 0.84 0.79
lcp 0.74 0.81 0.84 0.8  0.42 0.69 0.27 0.4  0.61 0.82
tti 0.11 0.11 0.12 0.11 0.1  0.11 0.1  0.11 0.1 0.07

cc 0RTT
fcp 0.84 0.83 0.83 0.77 0.78 0.82 0.83 0.83 0.83 0.8 
lcp 0.35 0.71 0.72 0.79 0.63 0.71 0.85 0.79 0.87 0.8 
tti 0.12 0.1 0.1 0.11 0.11 0.1 0.11 0.11 0.12 0.09 
cc control
fcp 0.84 0.83 0.84 0.82 0.82 0.84 0.81 0.84 0.4 0.83 
lcp 0.81 0.68 0.68 0.37 0.83 0.19 0.76 0.64 0 0.74 
tti 0.1 0.1 0.1 0.1 0.1 0.12 0.11 0.1 0.04 0.1 
